-1.470 +1.841 
-1.470 +2.190 
-1.470 +2.295 
-1.470 +2.679 
-1.470 +3.081 
-1.470 +3.133 
-1.470 -3.133 
-1.470 -3.115 
-1.470 -3.098 
-1.470 -3.081 
-1.470 -3.063 
-1.470 -1.649 
-1.470 -1.632 
-1.470 -1.614 
-1.453 +0.777 
-1.453 +1.300 
-1.453 -3.133 
-1.453 -3.115 
-1.453 -3.098 
-1.453 -3.081 
-1.453 -3.063 
-1.436 -3.133 
-1.436 -3.115 
-1.436 -3.098 
-1.436 -3.081 
-1.436 -3.063 
-1.436 -1.580 
-1.418 -3.133 
-1.418 -3.115 
-1.418 -3.098 
-1.418 -3.081 
-1.418 -3.063 
-1.418 -1.597 
-1.401 -3.133 
-1.401 -3.115 
-1.401 -3.098 
-1.401 -3.081 
-1.401 -3.063 
-1.401 -1.580 
-1.383 +1.510 
-1.314 -0.166 
-1.314 -0.148 
-1.314 -0.131 
-1.314 -0.113 
-1.314 -0.096 
-1.296 -2.697 
-1.296 -2.679 
-1.296 -2.662 
-1.296 -2.644 
-1.296 -2.627 
-1.279 -2.697 
-1.279 -2.679 
-1.279 -2.662 
-1.279 -2.644 
-1.279 -2.627 
-1.279 -1.161 
-1.262 -2.697 
-1.262 -2.679 
-1.262 -2.662 
-1.262 -2.644 
-1.262 -2.627 
-1.209 +2.923 
-1.209 -1.213 
-1.209 -1.196 
-1.209 -1.178 
-1.209 -1.161 
-1.209 -1.143 
-1.192 -1.213 
-1.192 -1.196 
-1.192 -1.178 
-1.192 -1.161 
-1.192 -1.143 
-1.174 -1.213 
-1.174 -1.196 
-1.174 -1.178 
-1.174 -1.161 
-1.174 -1.143 
-1.157 -1.213 
-1.157 -1.196 
-1.157 -1.178 
-1.157 -1.161 
-1.157 -1.143 
-1.140 +2.138 
-1.140 -1.213 
-1.140 -1.196 
-1.140 -1.178 
-1.140 -1.161 
-1.140 -1.143 
-1.087 +3.115 
-1.070 -1.161 
-1.000 -0.340 
-0.983 +2.295 
-0.966 +1.562 
-0.948 +1.614 
-0.948 +2.016 
-0.948 +2.033 
-0.948 +2.051 
-0.948 +2.068 
-0.948 +2.086 
-0.948 +2.976 
-0.948 +2.993 
-0.948 +3.011 
-0.948 +3.028 
-0.948 +3.046 
-0.931 +2.016 
-0.931 +2.033 
-0.931 +2.051 
-0.931 +2.068 
-0.931 +2.086 
-0.931 +2.976 
-0.931 +2.993 
-0.931 +3.011 
-0.931 +3.028 
-0.931 +3.046 
-0.914 +2.016 
-0.914 +2.033 
-0.914 +2.051 
-0.914 +2.068 
-0.914 +2.086 
-0.914 +2.976 
-0.914 +2.993 
-0.914 +3.011 
-0.914 +3.028 
-0.914 +3.046 
-0.896 +2.016 
-0.896 +2.033 
-0.896 +2.051 
-0.896 +2.068 
-0.896 +2.086 
-0.896 +2.976 
-0.896 +2.993 
-0.896 +3.011 
-0.896 +3.028 
-0.896 +3.046 
-0.879 +0.113 
-0.879 +2.016 
-0.879 +2.033 
-0.879 +2.051 
-0.879 +2.068 
-0.879 +2.086 
-0.879 +2.976 
-0.879 +2.993 
-0.879 +3.011 
-0.879 +3.028 
-0.879 +3.046 
-0.844 +0.951 
-0.826 +2.714 
-0.774 +2.068 
-0.774 -2.278 
-0.774 -0.777 
-0.774 -0.759 
-0.774 -0.742 
-0.774 -0.724 
-0.774 -0.707 
-0.757 -0.777 
-0.757 -0.759 
-0.757 -0.742 
-0.757 -0.724 
-0.757 -0.707 
-0.739 +1.108 
-0.739 -0.777 
-0.739 -0.759 
-0.739 -0.742 
-0.739 -0.724 
-0.739 -0.707 
-0.722 -0.777 
-0.722 -0.759 
-0.722 -0.742 
-0.722 -0.724 
-0.722 -0.707 
-0.705 +2.662 
-0.705 -0.777 
-0.705 -0.759 
-0.705 -0.742 
-0.705 -0.724 
-0.705 -0.707 
-0.652 +3.098 
-0.652 -0.602 
-0.583 +0.951 
-0.583 +1.929 
-0.513 +2.714 
-0.513 +2.731 
-0.513 +2.749 
-0.513 +2.766 
-0.513 +2.784 
-0.513 -2.260 
-0.513 -2.190 
-0.513 -1.038 
-0.496 +2.714 
-0.496 +2.731 
-0.496 +2.749 
-0.496 +2.766 
-0.496 +2.784 
-0.479 +1.318 
-0.479 +2.714 
-0.479 +2.731 
-0.479 +2.749 
-0.479 +2.766 
-0.479 +2.784 
-0.461 +2.714 
-0.461 +2.731 
-0.461 +2.749 
-0.461 +2.766 
-0.461 +2.784 
-0.444 +2.714 
-0.444 +2.731 
-0.444 +2.749 
-0.444 +2.766 
-0.444 +2.784 
-0.426 +2.278 
-0.426 -1.946 
-0.409 +2.033 
-0.409 +2.958 
-0.391 +1.580 
-0.391 +2.278 
-0.357 +3.081 
-0.357 -2.155 
-0.339 +0.183 
-0.339 +0.201 
-0.339 +0.218 
-0.339 +0.236 
-0.339 +0.253 
-0.322 +0.183 
-0.322 +0.201 
-0.322 +0.218 
-0.322 +0.236 
-0.322 +0.253 
-0.322 -1.213 
-0.305 +0.183 
-0.305 +0.201 
-0.305 +0.218 
-0.305 +0.236 
-0.305 +0.253 
-0.287 +0.183 
-0.287 +0.201 
-0.287 +0.218 
-0.287 +0.236 
-0.287 +0.253 
-0.287 -1.422 
-0.270 +0.183 
-0.270 +0.201 
-0.270 +0.218 
-0.270 +0.236 
-0.270 +0.253 
-0.252 +0.096 
-0.252 +0.113 
-0.252 +0.131 
-0.252 +0.148 
-0.252 +0.166 
-0.235 +0.096 
-0.235 +0.113 
-0.235 +0.131 
-0.235 +0.148 
-0.235 +0.166 
-0.235 -1.876 
-0.218 +0.096 
-0.218 +0.113 
-0.218 +0.131 
-0.218 +0.148 
-0.218 +0.166 
-0.218 +0.864 
-0.200 +0.096 
-0.200 +0.113 
-0.200 +0.131 
-0.200 +0.148 
-0.200 +0.166 
-0.183 +0.096 
-0.183 +0.113 
-0.183 +0.131 
-0.183 +0.148 
-0.183 +0.166 
-0.183 -3.098 
-0.183 -1.806 
-0.165 +0.497 
-0.165 +0.707 
-0.165 +0.724 
-0.165 +0.742 
-0.165 +0.759 
-0.165 +0.777 
-0.165 -2.609 
-0.165 -2.592 
-0.165 -2.574 
-0.165 -2.557 
-0.165 -2.539 
-0.148 +0.707 
-0.148 +0.724 
-0.148 +0.742 
-0.148 +0.759 
-0.148 +0.777 
-0.148 -2.609 
-0.148 -2.592 
-0.148 -2.574 
-0.148 -2.557 
-0.148 -2.539 
-0.131 +0.707 
-0.131 +0.724 
-0.131 +0.742 
-0.131 +0.759 
-0.131 +0.777 
-0.131 -2.609 
-0.131 -2.592 
-0.131 -2.574 
-0.131 -2.557 
-0.131 -2.539 
-0.113 +0.707 
-0.113 +0.724 
-0.113 +0.742 
-0.113 +0.759 
-0.113 +0.777 
-0.113 -2.609 
-0.113 -2.592 
-0.113 -2.574 
-0.113 -2.557 
-0.113 -2.539 
-0.113 -0.689 
-0.096 +0.393 
-0.096 +0.707 
-0.096 +0.724 
-0.096 +0.742 
-0.096 +0.759 
-0.096 +0.777 
-0.096 +3.063 
-0.096 -2.609 
-0.096 -2.592 
-0.096 -2.574 
-0.096 -2.557 
-0.096 -2.539 
-0.078 +0.881 
-0.078 +0.899 
-0.078 +0.916 
-0.078 +0.934 
-0.078 +0.951 
-0.061 +0.881 
-0.061 +0.899 
-0.061 +0.916 
-0.061 +0.934 
-0.061 +0.951 
-0.043 +0.881 
-0.043 +0.899 
-0.043 +0.916 
-0.043 +0.934 
-0.043 +0.951 
-0.026 +0.881 
-0.026 +0.899 
-0.026 +0.916 
-0.026 +0.934 
-0.026 +0.951 
-0.026 -2.976 
-0.009 +0.881 
-0.009 +0.899 
-0.009 +0.916 
-0.009 +0.934 
-0.009 +0.951 
-0.009 +3.063 
-0.009 -1.894 
+0.061 -0.759 
+0.096 +1.754 
+0.096 +1.772 
+0.096 +1.789 
+0.096 +1.806 
+0.096 +1.824 
+0.096 +2.697 
+0.096 -1.388 
+0.096 -1.126 
+0.113 +1.754 
+0.113 +1.772 
+0.113 +1.789 
+0.113 +1.806 
+0.113 +1.824 
+0.113 -0.497 
+0.131 +1.754 
+0.131 +1.772 
+0.131 +1.789 
+0.131 +1.806 
+0.131 +1.824 
+0.131 +2.627 
+0.131 -0.916 
+0.148 +1.754 
+0.148 +1.772 
+0.148 +1.789 
+0.148 +1.806 
+0.148 +1.824 
+0.165 +1.754 
+0.165 +1.772 
+0.165 +1.789 
+0.165 +1.806 
+0.165 +1.824 
+0.287 -1.056 
+0.305 -0.759 
+0.339 +2.801 
+0.444 +1.876 
+0.444 -0.393 
+0.531 +0.742 
+0.566 -0.079 
+0.583 -0.812 
+0.583 -0.777 
+0.618 +0.655 
+0.635 +0.079 
+0.652 +0.881 
+0.687 -2.173 
+0.722 -1.422 
+0.739 -2.208 
+0.774 +0.113 
+0.774 +0.497 
+0.774 -2.697 
+0.774 -1.702 
+0.774 -0.480 
+0.792 -0.567 
+0.792 -0.183 
+0.879 +0.358 
+0.879 +0.375 
+0.879 +0.393 
+0.879 +0.410 
+0.879 +0.428 
+0.879 +1.667 
+0.879 +1.684 
+0.879 +1.702 
+0.879 +1.719 
+0.879 +1.737 
+0.879 +2.801 
+0.879 +2.819 
+0.879 +2.836 
+0.879 +2.854 
+0.879 +2.871 
+0.896 +1.667 
+0.896 +1.684 
+0.896 +1.702 
+0.896 +1.719 
+0.896 +1.737 
+0.896 +2.801 
+0.896 +2.819 
+0.896 +2.836 
+0.896 +2.854 
+0.896 +2.871 
+0.896 -1.963 
+0.914 +1.091 
+0.914 +1.667 
+0.914 +1.684 
+0.914 +1.702 
+0.914 +1.719 
+0.914 +1.737 
+0.914 +2.801 
+0.914 +2.819 
+0.914 +2.836 
+0.914 +2.854 
+0.914 +2.871 
+0.931 +1.667 
+0.931 +1.684 
+0.931 +1.702 
+0.931 +1.719 
+0.931 +1.737 
+0.931 +2.801 
+0.931 +2.819 
+0.931 +2.836 
+0.931 +2.854 
+0.931 +2.871 
+0.931 +3.098 
+0.948 +1.667 
+0.948 +1.684 
+0.948 +1.702 
+0.948 +1.719 
+0.948 +1.737 
+0.948 +2.801 
+0.948 +2.819 
+0.948 +2.836 
+0.948 +2.854 
+0.948 +2.871 
+0.966 +0.620 
+0.966 +0.637 
+0.966 +0.655 
+0.966 +0.672 
+0.966 +0.689 
+0.983 +0.620 
+0.983 +0.637 
+0.983 +0.655 
+0.983 +0.672 
+0.983 +0.689 
+1.000 +0.620 
+1.000 +0.637 
+1.000 +0.655 
+1.000 +0.672 
+1.000 +0.689 
+1.018 +0.620 
+1.018 +0.637 
+1.018 +0.655 
+1.018 +0.672 
+1.018 +0.689 
+1.018 +2.417 
+1.035 +0.620 
+1.035 +0.637 
+1.035 +0.655 
+1.035 +0.672 
+1.035 +0.689 
+1.053 -3.133 
+1.053 -3.115 
+1.053 -3.098 
+1.053 -3.081 
+1.053 -3.063 
+1.070 -3.133 
+1.070 -3.115 
+1.070 -3.098 
+1.070 -3.081 
+1.070 -3.063 
+1.087 -3.133 
+1.087 -3.115 
+1.087 -3.098 
+1.087 -3.081 
+1.087 -3.063 
+1.105 -3.133 
+1.105 -3.115 
+1.105 -3.098 
+1.105 -3.081 
+1.105 -3.063 
+1.122 +3.063 
+1.122 -3.133 
+1.122 -3.115 
+1.122 -3.098 
+1.122 -3.081 
+1.122 -3.063 
+1.122 -2.871 
+1.140 +0.026 
+1.140 +2.365 
+1.140 -0.846 
+1.157 -1.230 
+1.174 +1.667 
+1.174 -1.894 
+1.192 +1.091 
+1.227 +2.435 
+1.227 -0.515 
+1.227 -0.497 
+1.227 -0.480 
+1.227 -0.463 
+1.227 -0.445 
+1.244 +1.649 
+1.244 -0.986 
+1.244 -0.515 
+1.244 -0.497 
+1.244 -0.480 
+1.244 -0.463 
+1.244 -0.445 
+1.262 -0.515 
+1.262 -0.497 
+1.262 -0.480 
+1.262 -0.463 
+1.262 -0.445 
+1.279 -0.515 
+1.279 -0.497 
+1.279 -0.480 
+1.279 -0.463 
+1.279 -0.445 
+1.296 -0.515 
+1.296 -0.497 
+1.296 -0.480 
+1.296 -0.463 
+1.296 -0.445 
+1.296 -0.288 
+1.314 -0.201 
+1.401 +2.714 
+1.401 +2.731 
+1.401 +2.749 
+1.401 +2.766 
+1.401 +2.784 
+1.401 -2.609 
+1.401 -2.592 
+1.401 -2.574 
+1.401 -2.557 
+1.401 -2.539 
+1.401 -0.253 
+1.401 -0.236 
+1.401 -0.218 
+1.401 -0.201 
+1.401 -0.183 
+1.418 +0.375 
+1.418 +2.714 
+1.418 +2.731 
+1.418 +2.749 
+1.418 +2.766 
+1.418 +2.784 
+1.418 -2.609 
+1.418 -2.592 
+1.418 -2.574 
+1.418 -2.557 
+1.418 -2.539 
+1.418 -0.253 
+1.418 -0.236 
+1.418 -0.218 
+1.418 -0.201 
+1.418 -0.183 
+1.436 +2.714 
+1.436 +2.731 
+1.436 +2.749 
+1.436 +2.766 
+1.436 +2.784 
+1.436 -2.609 
+1.436 -2.592 
+1.436 -2.574 
+1.436 -2.557 
+1.436 -2.539 
+1.436 -0.253 
+1.436 -0.236 
+1.436 -0.218 
+1.436 -0.201 
+1.436 -0.183 
+1.453 +2.714 
+1.453 +2.731 
+1.453 +2.749 
+1.453 +2.766 
+1.453 +2.784 
+1.453 -0.253 
+1.453 -0.236 
+1.453 -0.218 
+1.453 -0.201 
+1.453 -0.183 
+1.470 +2.714 
+1.470 +2.731 
+1.470 +2.749 
+1.470 +2.766 
+1.470 +2.784 
+1.470 +2.801 
+1.470 -0.253 
+1.470 -0.236 
+1.470 -0.218 
+1.470 -0.201 
+1.470 -0.183 
+1.507 -3.092
+1.526 -3.091
+1.546 -3.090
+1.566 -3.089
+1.587 -3.088
+1.574 -2.871
+1.595 -2.865
+1.615 -2.860
+1.637 -2.854
+1.658 -2.847
+1.597 +2.679
+1.588 +2.660
+1.899 +2.757
+1.996 +2.748
+1.555 -2.162
+1.674 +2.256
+1.584 -2.157
+1.854 +2.401
+1.689 +2.238
+2.307 -3.027
+1.563 +2.020
+2.113 +2.198
+2.107 +1.978
+2.835 +2.413
+2.782 +2.357
+1.522 +1.703
+1.525 +1.662
+1.609 -1.605
+1.695 +1.462
+1.505 -1.461
+1.843 -1.412
+2.164 -1.348
+2.884 -0.900
+2.835 -0.838
+2.891 -0.784
+2.782 -0.785
+2.835 -0.729
+2.052 +1.229
+1.820 +0.961
+1.567 -0.996
+1.817 +0.782
+1.798 +0.801
+1.780 +0.820
+1.761 +0.837
+1.743 +0.855
+1.551 +1.009
+1.798 +0.764
+1.780 +0.783
+1.762 +0.801
+1.744 +0.819
+1.726 +0.836
+1.779 +0.746
+1.761 +0.765
+1.744 +0.784
+1.727 +0.801
+1.709 +0.818
+1.760 +0.729
+1.743 +0.748
+1.726 +0.766
+1.709 +0.784
+1.693 +0.801
+1.740 +0.713
+1.724 +0.731
+1.708 +0.750
+1.692 +0.767
+1.676 +0.785
+1.663 -0.764
+1.678 -0.747
+1.694 -0.729
+1.709 -0.711
+1.724 -0.692
+1.739 -0.671
+1.754 -0.651
+1.769 -0.631
+1.783 -0.609
+1.798 -0.587
+1.646 -0.749
+1.661 -0.732
+1.676 -0.714
+1.691 -0.696
+1.706 -0.677
+1.719 -0.656
+1.734 -0.636
+1.748 -0.616
+1.762 -0.595
+1.776 -0.573
+1.630 -0.734
+1.644 -0.717
+1.658 -0.699
+1.673 -0.681
+1.687 -0.663
+1.700 -0.642
+1.714 -0.622
+1.727 -0.602
+1.741 -0.581
+1.754 -0.560
+1.613 -0.719
+1.627 -0.702
+1.641 -0.685
+1.655 -0.667
+1.668 -0.649
+1.681 -0.628
+1.694 -0.609
+1.707 -0.589
+1.720 -0.568
+1.733 -0.547
+1.596 -0.705
+1.610 -0.689
+1.623 -0.671
+1.637 -0.654
+1.650 -0.635
+1.662 -0.615
+1.674 -0.595
+1.687 -0.576
+1.700 -0.555
+1.712 -0.535
+1.849 -0.072
+1.520 -0.766
+1.533 -0.751
+1.546 -0.736
+1.559 -0.721
+1.572 -0.705
+1.584 -0.687
+1.597 -0.671
+1.610 -0.653
+1.622 -0.636
+1.635 -0.618
+1.506 -0.753
+1.519 -0.738
+1.531 -0.723
+1.544 -0.708
+1.557 -0.692
+1.568 -0.675
+1.580 -0.658
+1.592 -0.641
+1.605 -0.623
+1.617 -0.605
+1.551 -0.662
+1.563 -0.646
+1.575 -0.629
+1.587 -0.611
+1.599 -0.593
+1.535 -0.650
+1.547 -0.634
+1.558 -0.617
+1.570 -0.600
+1.581 -0.582
+1.519 -0.638
+1.530 -0.622
+1.542 -0.605
+1.553 -0.588
+1.564 -0.571
+1.508 -0.622
+1.518 -0.606
+1.529 -0.590
+1.539 -0.573
+1.550 -0.555
+1.605 -0.441
+1.492 -0.611
+1.502 -0.595
+1.512 -0.579
+1.523 -0.562
+1.533 -0.545
-1.495 -2.975
-1.508 -3.131
-1.530 -2.948
-1.563 +2.764
-1.825 -3.127
-1.957 -2.965
-1.744 -2.323
-1.743 -2.287
-1.584 +2.157
-1.567 +2.145
-1.950 -2.471
-1.969 -2.496
-1.987 -2.522
-2.006 -2.549
-2.024 -2.578
-1.974 -2.451
-1.994 -2.477
-2.014 -2.503
-2.034 -2.531
-2.053 -2.559
-1.999 -2.430
-2.020 -2.456
-2.041 -2.483
-2.062 -2.511
-2.082 -2.540
-2.024 -2.408
-2.047 -2.434
-2.069 -2.461
-2.090 -2.489
-2.112 -2.519
-2.050 -2.385
-2.073 -2.411
-2.096 -2.439
-2.119 -2.467
-2.142 -2.497
-1.820 +2.180
-2.063 -2.205
-1.894 -1.893
-1.513 -1.761
-1.505 -1.681
-2.061 -1.732
-2.108 -1.628
-1.853 +1.587
-2.187 -1.549
-2.228 -1.548
-2.270 -1.547
-2.315 -1.545
-2.361 -1.544
-1.722 -1.532
-2.185 -1.508
-2.226 -1.505
-2.268 -1.503
-2.312 -1.500
-2.359 -1.497
-2.182 -1.469
-2.222 -1.464
-2.264 -1.460
-2.308 -1.455
-2.354 -1.450
-2.177 -1.429
-2.217 -1.423
-2.259 -1.417
-2.302 -1.410
-2.348 -1.403
-2.171 -1.390
-2.210 -1.383
-2.251 -1.375
-2.294 -1.366
-2.339 -1.357
-2.542 -0.906
-2.506 +0.706
-1.743 -0.855
-1.761 -0.837
-1.551 +1.009
-1.572 +0.967
-1.555 +0.979
-2.072 +0.019
-1.962 +0.144
-1.635 +0.618
-1.622 +0.636
-1.610 +0.653
-1.597 +0.671
-1.584 +0.687
-1.617 +0.605
-1.605 +0.623
-1.592 +0.641
-1.580 +0.658
-1.568 +0.675
-1.599 +0.593
-1.587 +0.611
-1.575 +0.629
-1.563 +0.646
-1.551 +0.662
-1.581 +0.582
-1.570 +0.600
-1.558 +0.617
-1.547 +0.634
-1.535 +0.650
-1.564 +0.571
-1.553 +0.588
-1.542 +0.605
-1.530 +0.622
-1.519 +0.638
-1.522 +0.112
-1.504 -0.089
